INFO: 2023-08-15 17:27:24,638: Data
INFO: 2023-08-15 17:27:27,240: Data shape (110527, 14)
INFO: 2023-08-15 17:27:30,046: Percentage of women: 0.653882342398853
INFO: 2023-08-15 17:27:32,797: Percentage of men: 0.346117657601147
ERROR: 2023-08-15 17:27:34,976: Data shape is incorrect!
